[10246, 11109]	1
[10246, 13176]	1
[10246, 22035]	1
[10246, 43633]	1
[10246, 47209]	1
[10246, 49302]	1
[10246, 49683]	1
[11109, 11913]	1
[11109, 13176]	1
[11109, 18159]	1
[11109, 19660]	1
[11109, 21616]	1
[11109, 22035]	1
[11109, 23622]	1
[11109, 28842]	1
[11109, 32433]	1
[11109, 34497]	1
[11109, 39612]	1
[11109, 39693]	1
[11109, 42625]	1
[11109, 43086]	1
[11109, 43633]	1
[11109, 4461]	1
[11109, 46620]	1
[11109, 46979]	1
[11109, 47209]	1
[11109, 48679]	1
[11109, 49235]	1
[11109, 49302]	3
[11109, 49683]	1
[11913, 18159]	1
[11913, 21616]	1
[11913, 23622]	1
[11913, 28842]	1
[11913, 32433]	1
[11913, 39693]	1
[11913, 42625]	1
[11913, 4461]	1
[11913, 49302]	1
[13176, 15455]	1
[13176, 15995]	1
[13176, 17747]	1
[13176, 18117]	1
[13176, 18441]	1
[13176, 1939]	1
[13176, 19731]	1
[13176, 20520]	1
[13176, 22035]	1
[13176, 22935]	1
[13176, 24964]	1
[13176, 25659]	1
[13176, 26317]	1
[13176, 27344]	1
[13176, 27509]	1
[13176, 27683]	1
[13176, 27966]	1
[13176, 30776]	1
[13176, 31066]	1
[13176, 32463]	1
[13176, 329]	1
[13176, 34065]	1
[13176, 34126]	1
[13176, 35042]	1
[13176, 35951]	1
[13176, 36364]	1
[13176, 36695]	1
[13176, 37664]	1
[13176, 3880]	1
[13176, 40396]	1
[13176, 40986]	1
[13176, 41387]	1
[13176, 43560]	1
[13176, 4357]	1
[13176, 43633]	1
[13176, 43654]	1
[13176, 44479]	1
[13176, 45007]	1
[13176, 45204]	1
[13176, 46313]	1
[13176, 46413]	1
[13176, 46720]	1
[13176, 47209]	1
[13176, 47333]	1
[13176, 47601]	1
[13176, 48287]	1
[13176, 49302]	1
[13176, 49683]	1
[13176, 7461]	1
[13176, 790]	1
[13176, 8859]	1
[13176, 9373]	1
[13176, 9896]	1
[15455, 15995]	1
[15455, 17747]	1
[15455, 18117]	1
[15455, 18441]	1
[15455, 1939]	1
[15455, 19731]	1
[15455, 20520]	1
[15455, 22935]	1
[15455, 24964]	1
[15455, 25659]	1
[15455, 26317]	1
[15455, 27344]	1
[15455, 27509]	1
[15455, 27683]	1
[15455, 27966]	1
[15455, 30776]	1
[15455, 31066]	1
[15455, 32463]	1
[15455, 329]	1
[15455, 34065]	1
[15455, 34126]	1
[15455, 35042]	1
[15455, 35951]	1
[15455, 36364]	1
[15455, 36695]	1
[15455, 37664]	1
[15455, 3880]	1
[15455, 40396]	1
[15455, 40986]	1
[15455, 41387]	1
[15455, 43560]	1
[15455, 4357]	1
[15455, 43654]	1
[15455, 44479]	1
[15455, 45007]	1
[15455, 45204]	1
[15455, 46313]	1
[15455, 46413]	1
[15455, 46720]	1
[15455, 47333]	1
[15455, 47601]	1
[15455, 48287]	1
[15455, 7461]	1
[15455, 790]	1
[15455, 8859]	1
[15455, 9373]	1
[15455, 9896]	1
[15995, 17747]	1
[15995, 18117]	1
[15995, 18441]	1
[15995, 1939]	1
[15995, 19731]	1
[15995, 20520]	1
[15995, 22935]	1
[15995, 24964]	1
[15995, 25659]	1
[15995, 26317]	1
[15995, 27344]	1
[15995, 27509]	1
[15995, 27683]	1
[15995, 27966]	1
[15995, 30776]	1
[15995, 31066]	1
[15995, 32463]	1
[15995, 329]	1
[15995, 34065]	1
[15995, 34126]	1
[15995, 35042]	1
[15995, 35951]	1
[15995, 36364]	1
[15995, 36695]	1
[15995, 37664]	1
[15995, 3880]	1
[15995, 40396]	1
[15995, 40986]	1
[15995, 41387]	1
[15995, 43560]	1
[15995, 4357]	1
[15995, 43654]	1
[15995, 44479]	1
[15995, 45007]	1
[15995, 45204]	1
[15995, 46313]	1
[15995, 46413]	1
[15995, 46720]	1
[15995, 47333]	1
[15995, 47601]	1
[15995, 48287]	1
[15995, 7461]	1
[15995, 790]	1
[15995, 8859]	1
[15995, 9373]	1
[15995, 9896]	1
[17747, 18117]	1
[17747, 18441]	1
[17747, 1939]	1
[17747, 19731]	1
[17747, 20520]	1
[17747, 22935]	1
[17747, 24964]	1
[17747, 25659]	1
[17747, 26317]	1
[17747, 27344]	1
[17747, 27509]	1
[17747, 27683]	1
[17747, 27966]	1
[17747, 30776]	1
[17747, 31066]	1
[17747, 32463]	1
[17747, 329]	1
[17747, 34065]	1
[17747, 34126]	1
[17747, 35042]	1
[17747, 35951]	1
[17747, 36364]	1
[17747, 36695]	1
[17747, 37664]	1
[17747, 3880]	1
[17747, 40396]	1
[17747, 40986]	1
[17747, 41387]	1
[17747, 43560]	1
[17747, 4357]	1
[17747, 43654]	1
[17747, 44479]	1
[17747, 45007]	1
[17747, 45204]	1
[17747, 46313]	1
[17747, 46413]	1
[17747, 46720]	1
[17747, 47333]	1
[17747, 47601]	1
[17747, 48287]	1
[17747, 7461]	1
[17747, 790]	1
[17747, 8859]	1
[17747, 9373]	1
[17747, 9896]	1
[18117, 18441]	1
[18117, 1939]	1
[18117, 19731]	1
[18117, 20520]	1
[18117, 22935]	1
[18117, 24964]	1
[18117, 25659]	1
[18117, 26317]	1
[18117, 27344]	1
[18117, 27509]	1
[18117, 27683]	1
[18117, 27966]	1
[18117, 30776]	1
[18117, 31066]	1
[18117, 32463]	1
[18117, 329]	1
[18117, 34065]	1
[18117, 34126]	1
[18117, 35042]	1
[18117, 35951]	1
[18117, 36364]	1
[18117, 36695]	1
[18117, 37664]	1
[18117, 3880]	1
[18117, 40396]	1
[18117, 40986]	1
[18117, 41387]	1
[18117, 43560]	1
[18117, 4357]	1
[18117, 43654]	1
[18117, 44479]	1
[18117, 45007]	1
[18117, 45204]	1
[18117, 46313]	1
[18117, 46413]	1
[18117, 46720]	1
[18117, 47333]	1
[18117, 47601]	1
[18117, 48287]	1
[18117, 7461]	1
[18117, 790]	1
[18117, 8859]	1
[18117, 9373]	1
[18117, 9896]	1
[18159, 21616]	1
[18159, 23622]	1
[18159, 28842]	1
[18159, 32433]	1
[18159, 39693]	1
[18159, 42625]	1
[18159, 4461]	1
[18159, 49302]	1
[18441, 1939]	1
[18441, 19731]	1
[18441, 20520]	1
[18441, 22935]	1
[18441, 24964]	1
[18441, 25659]	1
[18441, 26317]	1
[18441, 27344]	1
[18441, 27509]	1
[18441, 27683]	1
[18441, 27966]	1
[18441, 30776]	1
[18441, 31066]	1
[18441, 32463]	1
[18441, 329]	1
[18441, 34065]	1
[18441, 34126]	1
[18441, 35042]	1
[18441, 35951]	1
[18441, 36364]	1
[18441, 36695]	1
[18441, 37664]	1
[18441, 3880]	1
[18441, 40396]	1
[18441, 40986]	1
[18441, 41387]	1
[18441, 43560]	1
[18441, 4357]	1
[18441, 43654]	1
[18441, 44479]	1
[18441, 45007]	1
[18441, 45204]	1
[18441, 46313]	1
[18441, 46413]	1
[18441, 46720]	1
[18441, 47333]	1
[18441, 47601]	1
[18441, 48287]	1
[18441, 7461]	1
[18441, 790]	1
[18441, 8859]	1
[18441, 9373]	1
[18441, 9896]	1
[1939, 19731]	1
[1939, 20520]	1
[1939, 22935]	1
[1939, 24964]	1
[1939, 25659]	1
[1939, 26317]	1
[1939, 27344]	1
[1939, 27509]	1
[1939, 27683]	1
[1939, 27966]	1
[1939, 30776]	1
[1939, 31066]	1
[1939, 32463]	1
[1939, 329]	1
[1939, 34065]	1
[1939, 34126]	1
[1939, 35042]	1
[1939, 35951]	1
[1939, 36364]	1
[1939, 36695]	1
[1939, 37664]	1
[1939, 3880]	1
[1939, 40396]	1
[1939, 40986]	1
[1939, 41387]	1
[1939, 43560]	1
[1939, 4357]	1
[1939, 43654]	1
[1939, 44479]	1
[1939, 45007]	1
[1939, 45204]	1
[1939, 46313]	1
[1939, 46413]	1
[1939, 46720]	1
[1939, 47333]	1
[1939, 47601]	1
[1939, 48287]	1
[1939, 7461]	1
[1939, 790]	1
[1939, 8859]	1
[1939, 9373]	1
[1939, 9896]	1
[19660, 34497]	1
[19660, 39612]	1
[19660, 43086]	1
[19660, 46620]	1
[19660, 46979]	1
[19660, 48679]	1
[19660, 49235]	1
[19660, 49302]	1
[19731, 20520]	1
[19731, 22935]	1
[19731, 24964]	1
[19731, 25659]	1
[19731, 26317]	1
[19731, 27344]	1
[19731, 27509]	1
[19731, 27683]	1
[19731, 27966]	1
[19731, 30776]	1
[19731, 31066]	1
[19731, 32463]	1
[19731, 329]	1
[19731, 34065]	1
[19731, 34126]	1
[19731, 35042]	1
[19731, 35951]	1
[19731, 36364]	1
[19731, 36695]	1
[19731, 37664]	1
[19731, 3880]	1
[19731, 40396]	1
[19731, 40986]	1
[19731, 41387]	1
[19731, 43560]	1
[19731, 4357]	1
[19731, 43654]	1
[19731, 44479]	1
[19731, 45007]	1
[19731, 45204]	1
[19731, 46313]	1
[19731, 46413]	1
[19731, 46720]	1
[19731, 47333]	1
[19731, 47601]	1
[19731, 48287]	1
[19731, 7461]	1
[19731, 790]	1
[19731, 8859]	1
[19731, 9373]	1
[19731, 9896]	1
[20520, 22935]	1
[20520, 24964]	1
[20520, 25659]	1
[20520, 26317]	1
[20520, 27344]	1
[20520, 27509]	1
[20520, 27683]	1
[20520, 27966]	1
[20520, 30776]	1
[20520, 31066]	1
[20520, 32463]	1
[20520, 329]	1
[20520, 34065]	1
[20520, 34126]	1
[20520, 35042]	1
[20520, 35951]	1
[20520, 36364]	1
[20520, 36695]	1
[20520, 37664]	1
[20520, 3880]	1
[20520, 40396]	1
[20520, 40986]	1
[20520, 41387]	1
[20520, 43560]	1
[20520, 4357]	1
[20520, 43654]	1
[20520, 44479]	1
[20520, 45007]	1
[20520, 45204]	1
[20520, 46313]	1
[20520, 46413]	1
[20520, 46720]	1
[20520, 47333]	1
[20520, 47601]	1
[20520, 48287]	1
[20520, 7461]	1
[20520, 790]	1
[20520, 8859]	1
[20520, 9373]	1
[20520, 9896]	1
[20574, 24489]	1
[20574, 25610]	1
[20574, 27966]	1
[20574, 30391]	1
[20574, 39275]	1
[20574, 40706]	1
[21616, 23622]	1
[21616, 28842]	1
[21616, 32433]	1
[21616, 39693]	1
[21616, 42625]	1
[21616, 4461]	1
[21616, 49302]	1
[22035, 43633]	1
[22035, 47209]	1
[22035, 49302]	1
[22035, 49683]	1
[22935, 24964]	1
[22935, 25659]	1
[22935, 26317]	1
[22935, 27344]	1
[22935, 27509]	1
[22935, 27683]	1
[22935, 27966]	1
[22935, 30776]	1
[22935, 31066]	1
[22935, 32463]	1
[22935, 329]	1
[22935, 34065]	1
[22935, 34126]	1
[22935, 35042]	1
[22935, 35951]	1
[22935, 36364]	1
[22935, 36695]	1
[22935, 37664]	1
[22935, 3880]	1
[22935, 40396]	1
[22935, 40986]	1
[22935, 41387]	1
[22935, 43560]	1
[22935, 4357]	1
[22935, 43654]	1
[22935, 44479]	1
[22935, 45007]	1
[22935, 45204]	1
[22935, 46313]	1
[22935, 46413]	1
[22935, 46720]	1
[22935, 47333]	1
[22935, 47601]	1
[22935, 48287]	1
[22935, 7461]	1
[22935, 790]	1
[22935, 8859]	1
[22935, 9373]	1
[22935, 9896]	1
[23622, 28842]	1
[23622, 32433]	1
[23622, 39693]	1
[23622, 42625]	1
[23622, 4461]	1
[23622, 49302]	1
[24489, 25610]	1
[24489, 27966]	1
[24489, 30391]	1
[24489, 39275]	1
[24489, 40706]	1
[24964, 25659]	1
[24964, 26317]	1
[24964, 27344]	1
[24964, 27509]	1
[24964, 27683]	1
[24964, 27966]	1
[24964, 30776]	1
[24964, 31066]	1
[24964, 32463]	1
[24964, 329]	1
[24964, 34065]	1
[24964, 34126]	1
[24964, 35042]	1
[24964, 35951]	1
[24964, 36364]	1
[24964, 36695]	1
[24964, 37664]	1
[24964, 3880]	1
[24964, 40396]	1
[24964, 40986]	1
[24964, 41387]	1
[24964, 43560]	1
[24964, 4357]	1
[24964, 43654]	1
[24964, 44479]	1
[24964, 45007]	1
[24964, 45204]	1
[24964, 46313]	1
[24964, 46413]	1
[24964, 46720]	1
[24964, 47333]	1
[24964, 47601]	1
[24964, 48287]	1
[24964, 7461]	1
[24964, 790]	1
[24964, 8859]	1
[24964, 9373]	1
[24964, 9896]	1
[25610, 27966]	1
[25610, 30391]	1
[25610, 39275]	1
[25610, 40706]	1
[25659, 26317]	1
[25659, 27344]	1
[25659, 27509]	1
[25659, 27683]	1
[25659, 27966]	1
[25659, 30776]	1
[25659, 31066]	1
[25659, 32463]	1
[25659, 329]	1
[25659, 34065]	1
[25659, 34126]	1
[25659, 35042]	1
[25659, 35951]	1
[25659, 36364]	1
[25659, 36695]	1
[25659, 37664]	1
[25659, 3880]	1
[25659, 40396]	1
[25659, 40986]	1
[25659, 41387]	1
[25659, 43560]	1
[25659, 4357]	1
[25659, 43654]	1
[25659, 44479]	1
[25659, 45007]	1
[25659, 45204]	1
[25659, 46313]	1
[25659, 46413]	1
[25659, 46720]	1
[25659, 47333]	1
[25659, 47601]	1
[25659, 48287]	1
[25659, 7461]	1
[25659, 790]	1
[25659, 8859]	1
[25659, 9373]	1
[25659, 9896]	1
[26317, 27344]	1
[26317, 27509]	1
[26317, 27683]	1
[26317, 27966]	1
[26317, 30776]	1
[26317, 31066]	1
[26317, 32463]	1
[26317, 329]	1
[26317, 34065]	1
[26317, 34126]	1
[26317, 35042]	1
[26317, 35951]	1
[26317, 36364]	1
[26317, 36695]	1
[26317, 37664]	1
[26317, 3880]	1
[26317, 40396]	1
[26317, 40986]	1
[26317, 41387]	1
[26317, 43560]	1
[26317, 4357]	1
[26317, 43654]	1
[26317, 44479]	1
[26317, 45007]	1
[26317, 45204]	1
[26317, 46313]	1
[26317, 46413]	1
[26317, 46720]	1
[26317, 47333]	1
[26317, 47601]	1
[26317, 48287]	1
[26317, 7461]	1
[26317, 790]	1
[26317, 8859]	1
[26317, 9373]	1
[26317, 9896]	1
[27344, 27509]	1
[27344, 27683]	1
[27344, 27966]	1
[27344, 30776]	1
[27344, 31066]	1
[27344, 32463]	1
[27344, 329]	1
[27344, 34065]	1
[27344, 34126]	1
[27344, 35042]	1
[27344, 35951]	1
[27344, 36364]	1
[27344, 36695]	1
[27344, 37664]	1
[27344, 3880]	1
[27344, 40396]	1
[27344, 40986]	1
[27344, 41387]	1
[27344, 43560]	1
[27344, 4357]	1
[27344, 43654]	1
[27344, 44479]	1
[27344, 45007]	1
[27344, 45204]	1
[27344, 46313]	1
[27344, 46413]	1
[27344, 46720]	1
[27344, 47333]	1
[27344, 47601]	1
[27344, 48287]	1
[27344, 7461]	1
[27344, 790]	1
[27344, 8859]	1
[27344, 9373]	1
[27344, 9896]	1
[27509, 27683]	1
[27509, 27966]	1
[27509, 30776]	1
[27509, 31066]	1
[27509, 32463]	1
[27509, 329]	1
[27509, 34065]	1
[27509, 34126]	1
[27509, 35042]	1
[27509, 35951]	1
[27509, 36364]	1
[27509, 36695]	1
[27509, 37664]	1
[27509, 3880]	1
[27509, 40396]	1
[27509, 40986]	1
[27509, 41387]	1
[27509, 43560]	1
[27509, 4357]	1
[27509, 43654]	1
[27509, 44479]	1
[27509, 45007]	1
[27509, 45204]	1
[27509, 46313]	1
[27509, 46413]	1
[27509, 46720]	1
[27509, 47333]	1
[27509, 47601]	1
[27509, 48287]	1
[27509, 7461]	1
[27509, 790]	1
[27509, 8859]	1
[27509, 9373]	1
[27509, 9896]	1
[27683, 27966]	1
[27683, 30776]	1
[27683, 31066]	1
[27683, 32463]	1
[27683, 329]	1
[27683, 34065]	1
[27683, 34126]	1
[27683, 35042]	1
[27683, 35951]	1
[27683, 36364]	1
[27683, 36695]	1
[27683, 37664]	1
[27683, 3880]	1
[27683, 40396]	1
[27683, 40986]	1
[27683, 41387]	1
[27683, 43560]	1
[27683, 4357]	1
[27683, 43654]	1
[27683, 44479]	1
[27683, 45007]	1
[27683, 45204]	1
[27683, 46313]	1
[27683, 46413]	1
[27683, 46720]	1
[27683, 47333]	1
[27683, 47601]	1
[27683, 48287]	1
[27683, 7461]	1
[27683, 790]	1
[27683, 8859]	1
[27683, 9373]	1
[27683, 9896]	1
[27966, 30391]	1
[27966, 30776]	1
[27966, 31066]	1
[27966, 32463]	1
[27966, 329]	1
[27966, 34065]	1
[27966, 34126]	1
[27966, 35042]	1
[27966, 35951]	1
[27966, 36364]	1
[27966, 36695]	1
[27966, 37664]	1
[27966, 3880]	1
[27966, 39275]	1
[27966, 40396]	1
[27966, 40706]	1
[27966, 40986]	1
[27966, 41387]	1
[27966, 43560]	1
[27966, 4357]	1
[27966, 43654]	1
[27966, 44479]	1
[27966, 45007]	1
[27966, 45204]	1
[27966, 46313]	1
[27966, 46413]	1
[27966, 46720]	1
[27966, 47333]	1
[27966, 47601]	1
[27966, 48287]	1
[27966, 7461]	1
[27966, 790]	1
[27966, 8859]	1
[27966, 9373]	1
[27966, 9896]	1
[28842, 32433]	1
[28842, 39693]	1
[28842, 42625]	1
[28842, 4461]	1
[28842, 49302]	1
[30391, 39275]	1
[30391, 40706]	1
[30776, 31066]	1
[30776, 32463]	1
[30776, 329]	1
[30776, 34065]	1
[30776, 34126]	1
[30776, 35042]	1
[30776, 35951]	1
[30776, 36364]	1
[30776, 36695]	1
[30776, 37664]	1
[30776, 3880]	1
[30776, 40396]	1
[30776, 40986]	1
[30776, 41387]	1
[30776, 43560]	1
[30776, 4357]	1
[30776, 43654]	1
[30776, 44479]	1
[30776, 45007]	1
[30776, 45204]	1
[30776, 46313]	1
[30776, 46413]	1
[30776, 46720]	1
[30776, 47333]	1
[30776, 47601]	1
[30776, 48287]	1
[30776, 7461]	1
[30776, 790]	1
[30776, 8859]	1
[30776, 9373]	1
[30776, 9896]	1
[31066, 32463]	1
[31066, 329]	1
[31066, 34065]	1
[31066, 34126]	1
[31066, 35042]	1
[31066, 35951]	1
[31066, 36364]	1
[31066, 36695]	1
[31066, 37664]	1
[31066, 3880]	1
[31066, 40396]	1
[31066, 40986]	1
[31066, 41387]	1
[31066, 43560]	1
[31066, 4357]	1
[31066, 43654]	1
[31066, 44479]	1
[31066, 45007]	1
[31066, 45204]	1
[31066, 46313]	1
[31066, 46413]	1
[31066, 46720]	1
[31066, 47333]	1
[31066, 47601]	1
[31066, 48287]	1
[31066, 7461]	1
[31066, 790]	1
[31066, 8859]	1
[31066, 9373]	1
[31066, 9896]	1
[32433, 39693]	1
[32433, 42625]	1
[32433, 4461]	1
[32433, 49302]	1
[32463, 329]	1
[32463, 34065]	1
[32463, 34126]	1
[32463, 35042]	1
[32463, 35951]	1
[32463, 36364]	1
[32463, 36695]	1
[32463, 37664]	1
[32463, 3880]	1
[32463, 40396]	1
[32463, 40986]	1
[32463, 41387]	1
[32463, 43560]	1
[32463, 4357]	1
[32463, 43654]	1
[32463, 44479]	1
[32463, 45007]	1
[32463, 45204]	1
[32463, 46313]	1
[32463, 46413]	1
[32463, 46720]	1
[32463, 47333]	1
[32463, 47601]	1
[32463, 48287]	1
[32463, 7461]	1
[32463, 790]	1
[32463, 8859]	1
[32463, 9373]	1
[32463, 9896]	1
[329, 34065]	1
[329, 34126]	1
[329, 35042]	1
[329, 35951]	1
[329, 36364]	1
[329, 36695]	1
[329, 37664]	1
[329, 3880]	1
[329, 40396]	1
[329, 40986]	1
[329, 41387]	1
[329, 43560]	1
[329, 4357]	1
[329, 43654]	1
[329, 44479]	1
[329, 45007]	1
[329, 45204]	1
[329, 46313]	1
[329, 46413]	1
[329, 46720]	1
[329, 47333]	1
[329, 47601]	1
[329, 48287]	1
[329, 7461]	1
[329, 790]	1
[329, 8859]	1
[329, 9373]	1
[329, 9896]	1
[34065, 34126]	1
[34065, 35042]	1
[34065, 35951]	1
[34065, 36364]	1
[34065, 36695]	1
[34065, 37664]	1
[34065, 3880]	1
[34065, 40396]	1
[34065, 40986]	1
[34065, 41387]	1
[34065, 43560]	1
[34065, 4357]	1
[34065, 43654]	1
[34065, 44479]	1
[34065, 45007]	1
[34065, 45204]	1
[34065, 46313]	1
[34065, 46413]	1
[34065, 46720]	1
[34065, 47333]	1
[34065, 47601]	1
[34065, 48287]	1
[34065, 7461]	1
[34065, 790]	1
[34065, 8859]	1
[34065, 9373]	1
[34065, 9896]	1
[34126, 35042]	1
[34126, 35951]	1
[34126, 36364]	1
[34126, 36695]	1
[34126, 37664]	1
[34126, 3880]	1
[34126, 40396]	1
[34126, 40986]	1
[34126, 41387]	1
[34126, 43560]	1
[34126, 4357]	1
[34126, 43654]	1
[34126, 44479]	1
[34126, 45007]	1
[34126, 45204]	1
[34126, 46313]	1
[34126, 46413]	1
[34126, 46720]	1
[34126, 47333]	1
[34126, 47601]	1
[34126, 48287]	1
[34126, 7461]	1
[34126, 790]	1
[34126, 8859]	1
[34126, 9373]	1
[34126, 9896]	1
[34497, 39612]	1
[34497, 43086]	1
[34497, 46620]	1
[34497, 46979]	1
[34497, 48679]	1
[34497, 49235]	1
[34497, 49302]	1
[35042, 35951]	1
[35042, 36364]	1
[35042, 36695]	1
[35042, 37664]	1
[35042, 3880]	1
[35042, 40396]	1
[35042, 40986]	1
[35042, 41387]	1
[35042, 43560]	1
[35042, 4357]	1
[35042, 43654]	1
[35042, 44479]	1
[35042, 45007]	1
[35042, 45204]	1
[35042, 46313]	1
[35042, 46413]	1
[35042, 46720]	1
[35042, 47333]	1
[35042, 47601]	1
[35042, 48287]	1
[35042, 7461]	1
[35042, 790]	1
[35042, 8859]	1
[35042, 9373]	1
[35042, 9896]	1
[35951, 36364]	1
[35951, 36695]	1
[35951, 37664]	1
[35951, 3880]	1
[35951, 40396]	1
[35951, 40986]	1
[35951, 41387]	1
[35951, 43560]	1
[35951, 4357]	1
[35951, 43654]	1
[35951, 44479]	1
[35951, 45007]	1
[35951, 45204]	1
[35951, 46313]	1
[35951, 46413]	1
[35951, 46720]	1
[35951, 47333]	1
[35951, 47601]	1
[35951, 48287]	1
[35951, 7461]	1
[35951, 790]	1
[35951, 8859]	1
[35951, 9373]	1
[35951, 9896]	1
[36364, 36695]	1
[36364, 37664]	1
[36364, 3880]	1
[36364, 40396]	1
[36364, 40986]	1
[36364, 41387]	1
[36364, 43560]	1
[36364, 4357]	1
[36364, 43654]	1
[36364, 44479]	1
[36364, 45007]	1
[36364, 45204]	1
[36364, 46313]	1
[36364, 46413]	1
[36364, 46720]	1
[36364, 47333]	1
[36364, 47601]	1
[36364, 48287]	1
[36364, 7461]	1
[36364, 790]	1
[36364, 8859]	1
[36364, 9373]	1
[36364, 9896]	1
[36695, 37664]	1
[36695, 3880]	1
[36695, 40396]	1
[36695, 40986]	1
[36695, 41387]	1
[36695, 43560]	1
[36695, 4357]	1
[36695, 43654]	1
[36695, 44479]	1
[36695, 45007]	1
[36695, 45204]	1
[36695, 46313]	1
[36695, 46413]	1
[36695, 46720]	1
[36695, 47333]	1
[36695, 47601]	1
[36695, 48287]	1
[36695, 7461]	1
[36695, 790]	1
[36695, 8859]	1
[36695, 9373]	1
[36695, 9896]	1
[37664, 3880]	1
[37664, 40396]	1
[37664, 40986]	1
[37664, 41387]	1
[37664, 43560]	1
[37664, 4357]	1
[37664, 43654]	1
[37664, 44479]	1
[37664, 45007]	1
[37664, 45204]	1
[37664, 46313]	1
[37664, 46413]	1
[37664, 46720]	1
[37664, 47333]	1
[37664, 47601]	1
[37664, 48287]	1
[37664, 7461]	1
[37664, 790]	1
[37664, 8859]	1
[37664, 9373]	1
[37664, 9896]	1
[3880, 40396]	1
[3880, 40986]	1
[3880, 41387]	1
[3880, 43560]	1
[3880, 4357]	1
[3880, 43654]	1
[3880, 44479]	1
[3880, 45007]	1
[3880, 45204]	1
[3880, 46313]	1
[3880, 46413]	1
[3880, 46720]	1
[3880, 47333]	1
[3880, 47601]	1
[3880, 48287]	1
[3880, 7461]	1
[3880, 790]	1
[3880, 8859]	1
[3880, 9373]	1
[3880, 9896]	1
[39275, 40706]	1
[39612, 43086]	1
[39612, 46620]	1
[39612, 46979]	1
[39612, 48679]	1
[39612, 49235]	1
[39612, 49302]	1
[39693, 42625]	1
[39693, 4461]	1
[39693, 49302]	1
[40396, 40986]	1
[40396, 41387]	1
[40396, 43560]	1
[40396, 4357]	1
[40396, 43654]	1
[40396, 44479]	1
[40396, 45007]	1
[40396, 45204]	1
[40396, 46313]	1
[40396, 46413]	1
[40396, 46720]	1
[40396, 47333]	1
[40396, 47601]	1
[40396, 48287]	1
[40396, 7461]	1
[40396, 790]	1
[40396, 8859]	1
[40396, 9373]	1
[40396, 9896]	1
[40986, 41387]	1
[40986, 43560]	1
[40986, 4357]	1
[40986, 43654]	1
[40986, 44479]	1
[40986, 45007]	1
[40986, 45204]	1
[40986, 46313]	1
[40986, 46413]	1
[40986, 46720]	1
[40986, 47333]	1
[40986, 47601]	1
[40986, 48287]	1
[40986, 7461]	1
[40986, 790]	1
[40986, 8859]	1
[40986, 9373]	1
[40986, 9896]	1
[41387, 43560]	1
[41387, 4357]	1
[41387, 43654]	1
[41387, 44479]	1
[41387, 45007]	1
[41387, 45204]	1
[41387, 46313]	1
[41387, 46413]	1
[41387, 46720]	1
[41387, 47333]	1
[41387, 47601]	1
[41387, 48287]	1
[41387, 7461]	1
[41387, 790]	1
[41387, 8859]	1
[41387, 9373]	1
[41387, 9896]	1
[42625, 4461]	1
[42625, 49302]	1
[43086, 46620]	1
[43086, 46979]	1
[43086, 48679]	1
[43086, 49235]	1
[43086, 49302]	1
[43560, 4357]	1
[43560, 43654]	1
[43560, 44479]	1
[43560, 45007]	1
[43560, 45204]	1
[43560, 46313]	1
[43560, 46413]	1
[43560, 46720]	1
[43560, 47333]	1
[43560, 47601]	1
[43560, 48287]	1
[43560, 7461]	1
[43560, 790]	1
[43560, 8859]	1
[43560, 9373]	1
[43560, 9896]	1
[4357, 43654]	1
[4357, 44479]	1
[4357, 45007]	1
[4357, 45204]	1
[4357, 46313]	1
[4357, 46413]	1
[4357, 46720]	1
[4357, 47333]	1
[4357, 47601]	1
[4357, 48287]	1
[4357, 7461]	1
[4357, 790]	1
[4357, 8859]	1
[4357, 9373]	1
[4357, 9896]	1
[43633, 47209]	1
[43633, 49302]	1
[43633, 49683]	1
[43654, 44479]	1
[43654, 45007]	1
[43654, 45204]	1
[43654, 46313]	1
[43654, 46413]	1
[43654, 46720]	1
[43654, 47333]	1
[43654, 47601]	1
[43654, 48287]	1
[43654, 7461]	1
[43654, 790]	1
[43654, 8859]	1
[43654, 9373]	1
[43654, 9896]	1
[44479, 45007]	1
[44479, 45204]	1
[44479, 46313]	1
[44479, 46413]	1
[44479, 46720]	1
[44479, 47333]	1
[44479, 47601]	1
[44479, 48287]	1
[44479, 7461]	1
[44479, 790]	1
[44479, 8859]	1
[44479, 9373]	1
[44479, 9896]	1
[4461, 49302]	1
[45007, 45204]	1
[45007, 46313]	1
[45007, 46413]	1
[45007, 46720]	1
[45007, 47333]	1
[45007, 47601]	1
[45007, 48287]	1
[45007, 7461]	1
[45007, 790]	1
[45007, 8859]	1
[45007, 9373]	1
[45007, 9896]	1
[45204, 46313]	1
[45204, 46413]	1
[45204, 46720]	1
[45204, 47333]	1
[45204, 47601]	1
[45204, 48287]	1
[45204, 7461]	1
[45204, 790]	1
[45204, 8859]	1
[45204, 9373]	1
[45204, 9896]	1
[46313, 46413]	1
[46313, 46720]	1
[46313, 47333]	1
[46313, 47601]	1
[46313, 48287]	1
[46313, 7461]	1
[46313, 790]	1
[46313, 8859]	1
[46313, 9373]	1
[46313, 9896]	1
[46413, 46720]	1
[46413, 47333]	1
[46413, 47601]	1
[46413, 48287]	1
[46413, 7461]	1
[46413, 790]	1
[46413, 8859]	1
[46413, 9373]	1
[46413, 9896]	1
[46620, 46979]	1
[46620, 48679]	1
[46620, 49235]	1
[46620, 49302]	1
[46720, 47333]	1
[46720, 47601]	1
[46720, 48287]	1
[46720, 7461]	1
[46720, 790]	1
[46720, 8859]	1
[46720, 9373]	1
[46720, 9896]	1
[46979, 48679]	1
[46979, 49235]	1
[46979, 49302]	1
[47209, 49302]	1
[47209, 49683]	1
[47333, 47601]	1
[47333, 48287]	1
[47333, 7461]	1
[47333, 790]	1
[47333, 8859]	1
[47333, 9373]	1
[47333, 9896]	1
[47601, 48287]	1
[47601, 7461]	1
[47601, 790]	1
[47601, 8859]	1
[47601, 9373]	1
[47601, 9896]	1
[48287, 7461]	1
[48287, 790]	1
[48287, 8859]	1
[48287, 9373]	1
[48287, 9896]	1
[48679, 49235]	1
[48679, 49302]	1
[49235, 49302]	1
[49302, 49683]	1
[7461, 790]	1
[7461, 8859]	1
[7461, 9373]	1
[7461, 9896]	1
[790, 8859]	1
[790, 9373]	1
[790, 9896]	1
[8859, 9373]	1
[8859, 9896]	1
[9373, 9896]	1
