([ 10246,  11109],(null,1))
([ 11109],([ 10246,  11109],1))
([ 10246],([ 10246,  11109],1))
([ 11109, 49302],(null,2))
([49302],([ 11109, 49302],2))
([ 11109],([ 11109, 49302],2))
([ 10246],(null,1))
([ 10246,  11109, 49302],(null,1))
([ 11109, 49302],([ 10246,  11109, 49302],1))
([ 10246, 49302],([ 10246,  11109, 49302],1))
([ 10246,  11109],([ 10246,  11109, 49302],1))
([ 10246, 49302],(null,1))
([49302],([ 10246, 49302],1))
([ 10246],([ 10246, 49302],1))
([49302],(null,2))
([ 11109],(null,2))
